2 ( 21 10 1 21 10 2 21 10 )
0
2 ( ( 21 10 1 21 10 2 21 10 ) 21 10 2 20 21 )
2 ( 21 10 1 21 10 2 21 10 )
0
2 ( ( 21 10 1 21 10 2 21 10 ) ( 21 10 2 20 21 10 1 10 ) 21 10 2 20 21 )
2 ( ( 21 10 1 21 20 1 10 21 ) 21 10 2 20 1 10 ( 10 20 2 21 20 ) )
3 ( ( ( 31 30 31 20 2 20 21 1 10 21 ) ) ( ( 31 20 2 21 10 20 31 ) ) 20 21 31 10 )
3 ( ( ( 31 30 20 2 20 21 1 10 21 ) 20 21 31 10 ) ( 31 20 2 21 10 20 31 ) )
3 ( ( ( 31 30 20 2 20 21 1 10 21 ) 20 21 3 31 32 ) ( 31 20 2 21 10 20 31 ) )
2 ( ( ( 21 10 1 21 10 2 21 10 ) ) 21 10 2 20 21 )
2 ( ( 21 10 1 21 10 2 21 10 ) ) 21 10 2 20 21 1
0
1
1 ( )
2 ( ( 10 21 1 10 21 1 21 10 ) 21 20 2 ( 21 2 21 20 ) ( 10 ) )
2 ( 10 21 1 10 21 0 10 20 2 20 21 )
2 ( ( 10 21 1 10 21 1 21 10 ) ( 21 2 21 20 ) ( 10 ) )
4 ( ( 10 20 30 41 4 41 31 ) ( ( 40 21 32 42 ) ( 10 0 43 10 20 ) ) )
2 ( ( 10 0 10 0 20 10 1 21 10 1 10 1 10 ) ( 10 0 2 20 21 1 10 1 10 21 2 20 ) 0 10 20 1 )
2 ( 10 0 10 0 20 10 1 21 10 1 10 1 10 )
2 ( 10 0 10 0 20 10 1 21 10 1 10 1 10 ) 20 10 2 21
2 ( ( 10 21 1 10 21 1 21 10 ) 21 20 2 ( 21 2 21 20 ) ( 10 ) )
2 ( 10 0 2 20 21 1 10 1 10 21 2 20 2 )
2 ( 10 21 1 10 21 0 10 20 2 20 21 )
2 ( ( 10 21 1 10 21 1 21 10 ) ( 21 2 21 20 ) ( 10 ) )
4 ( ( 10 20 30 41 4 41 31 ) ( ( 40 21 32 42 ) ( 10 0 43 10 20 ) ) )
2 ( 01 12 0 01 0 01 0 02 0 02 0 02 )
2 ( ( 10 0 10 0 20 10 1 21 10 1 10 1 10 ) ( 10 0 2 20 21 1 10 1 10 21 2 20 ) 0 10 20 1 )
4 ( ( 10 20 30 41 4 41 31 ) ( ( 40 21 32 42 ) ( 10 0 43 10 20 ) ) )
2 ( ( 10 21 1 10 21 1 21 10 ) ( 21 2 21 20 ) ( 10 ) )
2 ( 10 21 1 10 21 0 10 20 2 20 21 )
1 ( 10 1 10 1 10 1 10 0 10 0 10 0 10 )
2 ( ( 10 1 10 21 1 21 10 ) ( 21 ) )
2 ( ( 10 1 10 21 1 21 10 ) ( ( 10 1 10 21 1 21 10 ) ( 10 1 10 21 1 21 10 ) ) )
3 ( 32 31 30 20 21 10 0 10 20 )
2 ( 21 2 21 2 21 20 1 10 21 1 10 21 1 10 21 1 10 21 1 10 21 2 21 )
3 ( 30 32 21 10 1 10 2 32 1 21 10 31 1 21 10 31 2 20 21 32 2 20 21 32 0 1 10 1 10 0 10 0 1 21 20 10 1 10 )
3 ( 10 20 30 32 21 2 21 20 1 10 31 21 )
4 ( ( ( 31 32 2 ) ( 31 3 21 31 30 ) ) 10 0 20 30 11 )
4 ( ( ( 31 32 3 ) ( 31 3 21 31 30 ) ) 10 0 20 30 10 )
4 ( ( ( 31 32 3 32 ) ( 31 3 21 31 30 ) ) 10 0 20 30 10 )
6 ( 10 20 30 40 50 60 0 10 20 30 40 50 60 21 31 41 51 61 1 10 21 31 41 51 61 )
4 ( 32 31 30 20 0 10 20 30 2 21 1 10 0 10 0 10 20 0 10 20 0 10 20 0 10 20 0 10 20 0 20 10 0 20 10 1 10 21 1 10 21 1 21 10 31 1 21 10 31 1 21 10 31 )
4 ( 32 31 30 20 0 10 20 30 2 21 1 10 0 10 0 10 20 0 10 20 0 10 20 0 10 20 0 10 20 0 20 10 0 20 10 1 10 21 1 10 21 1 21 10 31 1 21 10 31 1 21 10 31 0 1 2 3 10 21 32 1 10 2 21 32 )
4 ( 30 32 31 0 10 0 30 2 20 30 21 1 21 31 10 21 31 1 31 10 0 10 20 30 )
4 ( 30 32 31 10 21 1 31 10 0 10 20 30 )
4 ( ( 30 32 31 0 10 0 30 2 20 30 21 1 21 31 10 21 31 1 31 10 0 10 20 30 ) ( 30 32 31 10 21 1 31 10 0 10 20 30 ) )
3 ( 30 32 3 21 10 1 10 2 32 3 2 21 1 21 10 31 1 0 21 10 31 2 20 21 32 1 2 20 21 32 0 1 10 1 10 0 10 0 1 21 20 2 10 1 10 30 3 32 21 10 1 10 2 32 1 21 10 31 1 21 10 31 2 20 21 32 2 20 21 32 0 1 10 1 10 0 10 0 1 21 20 10 1 10 )
0 ( ( 0 ) ( 0 0 ) )




0
2 ( 10 21 1 10 21 0 10 20 2 20 21 )
4 ( ( ( 31 32 2 ) ( 31 3 21 31 30 ) ) 10 0 20 30 11 )
2 ( 10 21 1 10 21 0 10 20 2 20 21 )
2 ( ( 10 0 10 0 20 10 1 21 10 1 10 1 10 ) ( 10 0 2 20 21 1 10 1 10 21 2 20 ) 0 10 20 1 )
2 ( 10 21 0 10 0 10 0 20 0 20 0 20 )
2 ( ( 10 21 1 10 21 1 21 10 ) ( 21 2 21 20 ) ( 10 ) )
4 ( ( 10 20 30 41 4 41 31 ) ( ( 40 21 32 42 ) ( 10 0 43 10 20 ) ) )
2 ( 10 21 0 10 0 10 0 20 0 20 0 20 )
2 ( 10 21 1 10 21 0 10 20 2 20 21 )
2 ( 2 2 21 )
2 ( ( 10 21 1 10 21 1 21 10 ) ( 21 2 21 20 ) ( 10 ) )
3 ( 30 32 3 21 10 1 10 2 32 3 2 21 1 21 10 31 1 0 21 10 31 2 20 21 32 1 2 20 21 32 0 1 10 1 10 0 10 0 1 21 20 2 10 1 10 30 3 32 21 10 1 10 2 32 1 21 10 31 1 21 10 31 2 20 21 32 2 20 21 32 0 1 10 1 10 0 10 0 1 21 20 10 1 10 )
3 ( 32 31 30 20 21 10 0 10 20 )
6 ( 10 20 30 40 50 60 0 10 20 30 40 50 60 21 31 41 51 61 1 10 21 31 41 51 61 )
3 ( 30 32 21 10 1 10 2 32 1 21 10 31 1 21 10 31 2 20 21 32 2 20 21 32 0 1 10 1 10 0 10 0 1 21 20 10 1 10 )
4 ( ( 10 20 30 41 4 41 31 ) ( ( 40 21 32 42 ) ( 10 0 43 10 20 ) ) )
2 ( 10 21 1 10 21 0 10 20 2 20 21 )
2 ( ( 10 21 1 10 21 1 21 10 ) ( 21 2 21 20 ) ( 10 ) )
4 ( ( 10 20 30 41 4 41 31 ) ( ( 40 21 32 42 ) ( 10 0 43 10 20 ) ) )
2 ( 01 12 0 01 0 01 0 02 0 02 0 02 )
1 ( 0 10 )
1 ( 0 10 0 1 10 )
2 ( 10 21 1 10 21 0 10 20 2 20 21 )
2 ( ( 10 21 1 10 21 1 21 10 ) ( 21 2 21 20 ) ( 10 ) )
4 ( ( 10 20 30 41 4 41 31 ) ( ( 40 21 32 42 ) ( 10 0 43 10 20 ) ) )
2 ( ( 10 0 10 0 20 10 1 21 10 1 10 1 10 ) ( 10 0 2 20 21 1 10 1 10 21 2 20 ) 0 10 20 1 )
1 ( )
2 ( 10 0 10 0 20 10 1 21 10 1 10 1 10 )
2 ( 10 0 10 0 20 10 1 21 10 1 10 1 10 ) 20 10 2 21
2 ( ( 10 21 1 10 21 1 21 10 ) 21 20 2 ( 21 2 21 20 ) ( 10 ) )
2 ( 10 0 2 20 21 1 10 1 10 21 2 20 2 )
2 ( 10 21 1 10 21 0 10 20 2 20 21 )
2 ( ( 10 21 1 10 21 1 21 10 ) ( 21 2 21 20 ) ( 10 ) )
4 ( ( 10 20 30 41 4 41 31 ) ( ( 40 21 32 42 ) ( 10 0 43 10 20 ) ) )
2 ( 01 12 0 01 0 01 0 02 0 02 0 02 )
2 ( ( 10 0 10 0 20 10 1 21 10 1 10 1 10 ) ( 10 0 2 20 21 1 10 1 10 21 2 20 ) 0 10 20 1 )
4 ( ( 10 20 30 41 4 41 31 ) ( ( 40 21 32 42 ) ( 10 0 43 10 20 ) ) )
2 ( ( 10 21 1 10 21 1 21 10 ) ( 21 2 21 20 ) ( 10 ) )
2 ( 10 21 1 10 21 0 10 20 2 20 21 )
1 ( 10 1 10 1 10 1 10 0 10 0 10 0 10 )
2 ( ( 10 1 10 21 1 21 10 ) ( 21 ) )
2 ( ( 10 1 10 21 1 21 10 ) ( ( 10 1 10 21 1 21 10 ) ( 10 1 10 21 1 21 10 ) ) )
3 ( 32 31 30 20 21 10 0 10 20 )
2 ( 21 2 21 2 21 20 1 10 21 1 10 21 1 10 21 1 10 21 1 10 21 2 21 )
3 ( 30 32 21 10 1 10 2 32 1 21 10 31 1 21 10 31 2 20 21 32 2 20 21 32 0 1 10 1 10 0 10 0 1 21 20 10 1 10 )
3 ( 10 20 30 32 21 2 21 20 1 10 31 21 )
4 ( ( ( 31 32 2 ) ( 31 3 21 31 30 ) ) 10 0 20 30 11 )
4 ( ( ( 31 32 3 ) ( 31 3 21 31 30 ) ) 10 0 20 30 10 )
4 ( ( ( 31 32 3 32 ) ( 31 3 21 31 30 ) ) 10 0 20 30 10 )
6 ( 10 20 30 40 50 60 0 10 20 30 40 50 60 21 31 41 51 61 1 10 21 31 41 51 61 )
4 ( 32 31 30 20 0 10 20 30 2 21 1 10 0 10 0 10 20 0 10 20 0 10 20 0 10 20 0 10 20 0 20 10 0 20 10 1 10 21 1 10 21 1 21 10 31 1 21 10 31 1 21 10 31 )
4 ( 32 31 30 20 0 10 20 30 2 21 1 10 0 10 0 10 20 0 10 20 0 10 20 0 10 20 0 10 20 0 20 10 0 20 10 1 10 21 1 10 21 1 21 10 31 1 21 10 31 1 21 10 31 0 1 2 3 10 21 32 1 10 2 21 32 )
4 ( 30 32 31 0 10 0 30 2 20 30 21 1 21 31 10 21 31 1 31 10 0 10 20 30 )
4 ( 30 32 31 10 21 1 31 10 0 10 20 30 )
4 ( ( 30 32 31 0 10 0 30 2 20 30 21 1 21 31 10 21 31 1 31 10 0 10 20 30 ) ( 30 32 31 10 21 1 31 10 0 10 20 30 ) )
2 ( 10 0 10 0 20 10 1 21 10 1 10 1 10 )
0 ( ( 0 ) ( 0 0 ) )


# coloring
2 ( 10 21 1 10 21 0 10 20 2 20 21 )
2 ( ( 10 21 1 10 21 1 21 10 ) ( 21 2 21 20 ) ( 10 ) )
4 ( ( 10 20 30 41 4 41 31 ) ( ( 40 21 32 42 ) ( 10 0 43 10 20 ) ) )
2 ( 10 21 0 10 0 10 0 20 0 20 0 20 )
# terrible time
3 ( 30 32 3 21 10 1 10 2 32 3 2 21 1 21 10 31 1 0 21 10 31 2 20 21 32 1 2 20 21 32 0 1 10 1 10 0 10 0 1 21 20 2 10 1 10 30 3 32 21 10 1 10 2 32 1 21 10 31 1 21 10 31 2 20 21 32 2 20 21 32 0 1 10 1 10 0 10 0 1 21 20 10 1 10 )



